    3 ---       -0.830 +0.657 
    4 ---       +6.522 -3.001 
    6 ---       +0.719 -0.550 
    7 ---       -2.083 +0.353 
    8 ---       -5.618 -0.425 
   10 ---      +10.664 +0.475 
   14 ---       +0.397 -0.235 
   18 ---       -3.632 +0.645 
   22 ---       +3.087 +4.288 
   25 ---       -4.941 -0.428 
   28 ---       -2.367 +0.643 
   29 ---       -1.395 +1.786 
   32 ---       -2.197 -0.135 
   36 ---       +8.650 +3.749 
   38 ---       +8.696 +3.632 
   39 ---       -3.126 +0.081 
   42 ---       -3.536 +0.903 
   43 ---       -0.479 -0.921 
   53 ---       +9.653 +4.654 
   54 ---       +8.201 +3.976 
   55 ---       +4.758 +3.835 
   61 ---       -1.571 +0.243 
   68 ---       -1.456 -0.167 
   71 ---       +0.729 +1.259 
   72 ---       -4.256 +3.910 
   73 ---       -5.395 +0.310 
   82 ---       +1.221 -0.130 
   86 ---       +8.637 +2.872 
   88 ---      +11.052 +3.514 
  111 ---       +8.344 +3.580 
  116 ---       -0.467 +0.518 
  124 ---       -2.507 -0.012 
  126 ---       -4.491 -0.159 
  128 ---       +5.615 +2.917 
  131 ---       +4.440 +2.107 
  134 ---       +9.434 +3.269 
  137 ---       +8.191 +4.120 
  138 ---       -1.191 -0.117 
  149 ---       -4.552 -0.414 
  157 ---       +9.202 +3.200 
  158 ---       -0.459 +0.953 
  167 ---       +1.684 +0.158 
  169 ---       -6.989 +1.376 
  185 ---       +8.999 +2.300 
  186 ---       -0.343 +0.623 
  196 ---       -4.886 +2.111 
  204 ---       -1.501 +0.014 
  211 ---       +9.715 +3.645 
  218 ---       -2.238 +0.907 
  221 ---       -0.007 +1.728 
  230 ---       -2.061 +1.179 
  231 ---       +3.900 +3.399 
  234 ---       -6.399 +3.067 
  235 ---       -4.088 +2.985 
  237 ---       -2.563 -1.083 
  239 ---       -2.258 +3.068 
  243 ---       -2.087 +0.695 
  245 ---       -2.880 -0.260 
  248 ---       +2.496 +4.051 
  256 ---       +2.936 +3.827 
  287 ---       -5.947 +1.171 
  289 ---       -8.784 -4.235 
  290 ---       -3.646 -0.396 
  291 ---       -2.675 -1.394 
  292 ---       -5.206 -0.269 
  297 ---       -4.012 +2.342 
  314 ---       +7.880 +3.100 
  319 ---       +3.428 +4.504 
  339 ---       -0.121 +2.575 
  345 ---       +7.384 +2.989 
  346 ---       -0.646 -0.710 
  349 ---       +2.917 -4.011 
  350 ---       +6.662 +4.632 
  354 ---       -7.600 +0.313 
  371 ---       -5.893 -2.325 
  374 ---       -2.917 +0.430 
  384 ---       -1.317 +0.998 
  402 ---       -1.743 +2.919 
  416 ---       -5.323 +0.813 
  430 ---       +8.949 +2.320 
  441 ---       +0.843 +3.152 
  446 ---      -11.299 -4.107 
  456 ---       -3.045 +0.687 
  467 ---       -0.071 +5.950 
  470 ---       -4.774 +0.393 
  471 ---       -0.211 +0.285 
  474 ---       +4.469 +3.554 
  477 ---       -2.235 +0.716 
  480 ---       -2.468 -1.476 
  481 ---       +6.470 +2.714 
  495 ---      +10.292 +2.844 
  509 ---       -1.707 +0.274 
  511 ---       +7.164 +2.660 
  512 ---       -7.226 -1.051 
  518 ---       -0.042 -1.307 
  519 ---       +1.108 -0.250 
  529 ---       -4.647 +1.947 
  541 ---       +9.540 +3.353 
  550 ---       -5.806 +0.169 
  563 ---       -4.198 -0.463 
  582 ---       -6.459 +0.065 
  599 ---       -3.903 +2.968 
  631 ---       -3.529 -0.048 
  639 ---       -1.066 +2.749 
  653 ---       -4.152 +3.102 
  675 ---       -3.974 +0.080 
  683 ---       +7.359 +2.688 
  702 ---       +7.280 +3.119 
  720 ---       +3.501 +0.534 
  722 ---       -7.810 -0.601 
  724 ---      +14.295 +3.095 
  732 ---       -6.704 +5.605 
  737 ---       -1.420 +0.624 
  752 ---       +5.697 +5.038 
  774 ---       -2.555 +0.116 
  787 ---       -1.562 -1.024 
  788 ---       +9.715 +3.198 
  803 ---       -1.327 +5.773 
  808 ---       -0.471 -0.437 
  811 ---       +1.172 +0.736 
  813 ---       -7.732 +0.246 
  851 ---       -3.103 -0.497 
  863 ---      -15.559 -2.714 
  879 ---       -3.739 +0.971 
  900 ---       -4.930 +3.468 
  915 ---       -7.863 +0.009 
  918 ---       -3.743 -1.293 
  951 ---       -5.262 -0.130 
 1063 ---       +0.626 +3.035 
 1071 ---       +1.136 +3.492 
 1084 ---       +8.364 +3.862 
 1110 ---       -3.331 +0.415 
 1143 ---       -7.261 +7.146 
 1144 ---       -3.908 +4.516 
 1145 ---       -1.111 +5.249 
 1165 ---       +6.060 +3.120 
 1166 ---       -3.195 +0.841 
 1198 ---       -3.686 +1.848 
 1257 ---      +10.216 +3.940 
 1264 ---       +8.226 +2.798 
 1273 ---       +1.952 -5.378 
 1279 ---       +5.236 +1.940 
 1289 ---       +0.791 +2.199 
 1302 ---      +12.071 +1.997 
 1325 ---       -3.869 +0.855 
 1358 ---       +9.110 +3.133 
 1375 ---       -3.193 +0.527 
 1379 ---       +0.774 +1.500 
 1393 ---       -8.904 +2.805 
 1451 ---       -0.743 -0.676 
 1463 ---       +4.042 +3.436 
 1471 ---       -4.869 +6.534 
 1478 ---      -11.885 +3.743 
 1480 ---       -0.280 +0.087 
 1501 ---       -2.511 -0.065 
 1518 ---       -8.182 +0.389 
 1534 ---       +7.207 +3.798 
 1577 ---       -5.145 -0.049 
 1584 ---       -2.006 -0.224 
 1607 ---       -0.877 -0.627 
 1626 ---       -4.545 -0.738 
 1628 ---       +4.087 +3.632 
 1646 ---       +5.982 +3.249 
 1651 ---       -5.728 -0.572 
 1653 ---       +7.778 +1.226 
 1658 ---       -6.039 +1.634 
 1679 ---       +4.315 +2.850 
 1697 ---       +1.050 +5.332 
 1712 ---       +4.966 +3.934 
 1722 ---       -3.374 -0.018 
 1725 ---       +1.749 +1.117 
 1743 ---       +6.517 +1.685 
 1749 ---       -5.331 +6.395 
 1772 ---       -7.011 +1.475 
 1781 ---       +0.369 +3.341 
 1807 ---       -6.156 -0.426 
 1854 ---       -1.821 +0.816 
 1892 ---       -7.607 +3.385 
 1906 ---       -5.161 -0.808 
 1907 ---       +0.282 +0.032 
 1929 ---       +3.051 -6.226 
 1933 ---       -2.712 -4.022 
 1934 ---       -3.934 -0.271 
 1967 ---       -3.209 -0.751 
 1995 ---       +3.360 +4.759 
 2011 ---       -2.564 -6.151 
 2014 ---       -1.570 -0.668 
 2017 ---       -8.448 +0.713 
 2024 ---       -6.467 +0.822 
 2060 ---       +8.295 +3.226 
 2070 ---       -5.754 -1.847 
 2074 ---       -6.830 -1.100 
 2078 ---       +1.350 -1.352 
 2091 ---       +5.022 +2.617 
 2098 ---       +1.440 +5.100 
 2105 ---       -6.605 +1.217 
 2107 ---       -1.847 -0.053 
 2113 ---       +1.081 -5.163 
 2119 ---       -6.991 +1.236 
 2128 ---       +3.799 +3.546 
 2130 ---       -5.989 -0.245 
 2140 ---       +4.757 +3.221 
 2143 ---       -6.181 -2.349 
 2149 ---       -4.759 +2.358 
 2159 ---       -6.754 -0.715 
 2174 ---       -9.076 +2.390 
 2204 ---       +3.882 +3.452 
 2215 ---       -1.927 -0.077 
 2253 ---       -4.835 +0.020 
 2259 ---       +7.358 +3.556 
 2299 ---       -2.713 +0.779 
 2327 ---      -12.331 +2.340 
 2365 ---       -2.221 -0.040 
 2403 ---       +0.822 +0.469 
 2420 ---       -2.584 -0.230 
 2440 ---       -4.661 +0.136 
 2442 ---       +0.682 -9.927 
 2444 ---       +2.501 +2.591 
 2503 ---       +9.035 +3.153 
 2538 ---       -5.728 +1.036 
 2558 ---       -7.137 +2.634 
 2590 ---       -1.399 -1.650 
 2599 ---       -3.454 +0.418 
 2645 ---       +4.369 +2.331 
 2728 ---       +9.323 +3.625 
 2775 ---       -2.834 +1.461 
 2790 ---       -6.594 +0.222 
 2908 ---       +6.779 +3.050 
 2920 ---       -8.376 +7.134 
 2923 ---       +6.516 +3.767 
 2946 ---       +8.651 +6.638 
 2965 ---       -3.893 -0.745 
 2966 ---       -1.469 +1.283 
 3109 ---       +3.332 +4.095 
 3153 ---       +3.826 -3.854 
 3155 ---       -5.874 -7.916 
 3158 ---       +1.402 +0.638 
 3167 ---       -3.113 +1.422 
 3220 ---       -4.458 -0.336 
 3231 ---       +9.790 +3.390 
 3268 ---       -0.511 -1.220 
 3285 ---      -10.608 +2.224 
 3321 ---       +0.241 -1.395 
 3332 ---       -7.923 -0.009 
 3354 ---       -2.402 +1.079 
 3381 ---       +3.847 +2.756 
 3431 ---       +9.224 +3.035 
 3494 ---       -1.705 -2.587 
 3501 ---       -6.984 +7.180 
 3523 ---       -1.680 +0.463 
 3528 ---       -6.192 +2.547 
 3559 ---       +8.976 +3.497 
 3578 ---       +6.223 +3.496 
 3586 ---       +0.487 +1.546 
 3628 ---       +9.850 -2.958 
 3657 ---       +0.276 -8.144 
 3665 ---       +3.632 +4.200 
 3674 ---       -2.151 -1.116 
 3677 ---       -5.899 -0.891 
 3740 ---       +2.974 +2.858 
 3748 ---       -7.744 +0.234 
 3759 ---       +7.335 +3.453 
 3760 ---       -4.962 +2.463 
 3792 ---       -0.909 +1.310 
 3869 ---       -1.766 -6.193 
 3915 ---       +9.566 +3.884 
 3935 ---       -1.998 +1.071 
 3944 ---       -0.498 -3.567 
 3963 ---       -0.983 +1.471 
 3968 ---       +0.917 -2.902 
 3999 ---       +7.887 +3.221 
 4002 ---       +0.051 -0.276 
 4005 ---       -2.975 -6.811 
 4006 ---       +2.605 +4.696 
 4025 ---       -9.074 -1.375 
 4031 ---       +3.618 +3.310 
 4038 ---       -4.807 -0.331 
 4062 ---       -9.136 -2.354 
 4085 ---       -4.921 +0.407 
 4104 ---       -3.547 +2.125 
 4145 ---       -6.384 +0.651 
 4147 ---       +2.243 -2.129 
 4156 ---       +7.680 +2.884 
 4159 ---       -6.867 +2.240 
 4165 ---       +0.913 +3.105 
 4179 ---       +0.075 -1.276 
 4215 ---       -1.039 -5.223 
 4219 ---      +13.439 +3.777 
 4282 ---       +7.221 +4.112 
 4353 ---       +2.031 +3.173 
 4370 ---       -1.865  0.000 
 4373 ---       -0.282 -0.378 
 4376 ---       -2.925 -1.265 
 4440 ---       +3.011 +2.642 
 4510 ---       -1.899 +0.885 
 4546 ---       +0.243 -2.461 
 4562 ---      +10.189 +3.573 
 4606 ---       -6.772 +0.444 
 4635 ---       +7.017 +2.000 
 4640 ---       -8.797 +1.184 
 4673 ---       -4.328 +1.435 
 4761 ---       -0.394 +1.240 
 4939 ---       -8.095 +1.508 
 4948 ---       -7.957 +0.514 
 4956 ---       +1.918 +4.582 
 5065 ---       +7.716 +4.972 
 5118 ---       -0.175 -1.184 
 5143 1991 VL   -1.196 -2.120 
 7341 1991 VK   -6.562 -0.658 
 7474 1992 TC   +4.756 +2.871 
 8176 1991 WA   +0.324 -0.032 
11066 1992 CC1  +0.985 +1.208 
    0 1991 XB   +2.096 +1.755 
    0 1992 NA   +8.796 +2.550 
    0 1992 UB   +5.367 +3.233 
